5 0.1259073359073359 0.16221649484536083 0.25177606177606177 0.32443298969072165
5 0.3777220077220077 0.16221649484536083 0.24467181467181467 0.32443298969072165
5 0.6241698841698842 0.15974226804123712 0.2557142857142857 0.31948453608247424
5 0.867065637065637 0.16139175257731958 0.26586872586872584 0.32278350515463916
5 0.12652509652509653 0.49634020618556707 0.253011583011583 0.33618556701030927
5 0.37833976833976835 0.4933505154639175 0.2459073359073359 0.321340206185567
5 0.6233976833976834 0.4926288659793814 0.24490347490347492 0.3205154639175258
5 0.8724710424710425 0.4908762886597938 0.2550579150579151 0.3097938144329897
5 0.12509652509652508 0.8301030927835051 0.24598455598455599 0.3397938144329897
5 0.3764864864864865 0.8289175257731959 0.2545559845559846 0.34216494845360823
5 0.6243243243243243 0.8270103092783505 0.24057915057915058 0.345979381443299
5 0.8740154440154441 0.8305670103092784 0.251969111969112 0.33886597938144325