5 0.08741176470588236 0.1044047619047619 0.14094117647058824 0.16279761904761905
5 0.24094117647058824 0.10577380952380952 0.16805882352941176 0.15875
5 0.3991176470588235 0.10107142857142858 0.15988235294117648 0.15619047619047619
5 0.09205882352941176 0.25857142857142856 0.13805882352941176 0.1468452380952381
5 0.26429411764705885 0.185 0.13758823529411765 0.15625
5 0.41517647058823526 0.17910714285714285 0.1635294117647059 0.1480357142857143
5 0.5676470588235294 0.1823809523809524 0.144 0.14101190476190478
5 0.2650588235294118 0.33208333333333334 0.1554705882352941 0.1542857142857143
5 0.4273529411764706 0.26476190476190475 0.1391764705882353 0.16738095238095238
5 0.5775882352941176 0.2706547619047619 0.15982352941176473 0.15327380952380953
5 0.7372352941176471 0.26761904761904765 0.1585294117647059 0.14851190476190476
5 0.43847058823529417 0.4203571428571429 0.14929411764705883 0.14202380952380952
5 0.6090588235294118 0.34172619047619046 0.1456470588235294 0.16130952380952382
5 0.7591176470588236 0.34535714285714286 0.15370588235294116 0.15160714285714286
5 0.9116470588235294 0.3458333333333333 0.15041176470588236 0.1530952380952381
5 0.9104117647058824 0.5047619047619047 0.1521764705882353 0.16714285714285712
5 0.7613529411764707 0.5057142857142857 0.14605882352941174 0.16345238095238096
5 0.617 0.5057738095238096 0.14276470588235293 0.16505952380952382
5 0.38717647058823523 0.7589285714285714 0.14811764705882352 0.1582142857142857
5 0.5390588235294118 0.7547619047619047 0.15576470588235294 0.16202380952380951
5 0.6974705882352941 0.7548214285714285 0.1601764705882353 0.16642857142857143
5 0.6997058823529412 0.9179166666666667 0.15576470588235294 0.16422619047619047
5 0.5437647058823529 0.9190476190476191 0.15535294117647058 0.16196428571428573
5 0.39023529411764707 0.9179166666666667 0.15 0.16422619047619047